<?xml version="1.0" encoding="utf-8"?>
<COLLADA xmlns="http://www.collada.org/2005/11/COLLADASchema" version="1.4.1">
  <asset>
    <contributor>
      <author/>
      <authoring_tool>FBX COLLADA exporter</authoring_tool>
      <comments/>
    </contributor>
    <created>2025-11-25T09:14:19Z</created>
    <keywords/>
    <modified>2025-11-25T09:14:19Z</modified>
    <revision/>
    <subject/>
    <title/>
    <unit meter="0.010000" name="centimeter"/>
    <up_axis>Y_UP</up_axis>
  </asset>
  <library_animations>
    <animation id="CMUFBXASC032compliantFBXASC032skeleton-anim" name="CMUFBXASC032compliantFBXASC032skeleton">
      <animation>
        <source id="CMUFBXASC032compliantFBXASC032skeleton-Matrix-animation-input">
          <float_array id="CMUFBXASC032compliantFBXASC032skeleton-Matrix-animation-input-array" count="25">

0.000000 0.016667 0.033333 0.050000 0.066667 0.083333 0.100000 0.116667 0.133333 0.150000 0.166667 0.183333 0.200000 0.216667 0.233333 0.250000
0.266667 0.283333 0.300000 0.316667 0.333333 0.350000 0.366667 0.383333 0.400000</float_array>
          <technique_common>
            <accessor source="#CMUFBXASC032compliantFBXASC032skeleton-Matrix-animation-input-array" count="25">
              <param name="TIME" type="float"/>
            </accessor>
          </technique_common>
        </source>
        <source id="CMUFBXASC032compliantFBXASC032skeleton-Matrix-animation-output-transform">
          <float_array id="CMUFBXASC032compliantFBXASC032skeleton-Matrix-animation-output-transform-array" count="400">

10.000000 0.000000 0.000000 0.000000 0.000000 10.000000 0.000000 0.000000 0.000000 0.000000 10.000000 0.000000 0.000000 0.000000 0.000000 1.000000
10.000000 0.000000 0.000000 0.000000 0.000000 10.000000 0.000000 0.000000 0.000000 0.000000 10.000000 0.000000 0.000000 0.000000 0.000000 1.000000
10.000000 0.000000 0.000000 0.000000 0.000000 10.000000 0.000000 0.000000 0.000000 0.000000 10.000000 0.000000 0.000000 0.000000 0.000000 1.000000
10.000000 0.000000 0.000000 0.000000 0.000000 10.000000 0.000000 0.000000 0.000000 0.000000 10.000000 0.000000 0.000000 0.000000 0.000000 1.000000
10.000000 0.000000 0.000000 0.000000 0.000000 10.000000 0.000000 0.000000 0.000000 0.000000 10.000000 0.000000 0.000000 0.000000 0.000000 1.000000
10.000000 0.000000 0.000000 0.000000 0.000000 10.000000 0.000000 0.000000 0.000000 0.000000 10.000000 0.000000 0.000000 0.000000 0.000000 1.000000
10.000000 0.000000 0.000000 0.000000 0.000000 10.000000 0.000000 0.000000 0.000000 0.000000 10.000000 0.000000 0.000000 0.000000 0.000000 1.000000
10.000000 0.000000 0.000000 0.000000 0.000000 10.000000 0.000000 0.000000 0.000000 0.000000 10.000000 0.000000 0.000000 0.000000 0.000000 1.000000
10.000000 0.000000 0.000000 0.000000 0.000000 10.000000 0.000000 0.000000 0.000000 0.000000 10.000000 0.000000 0.000000 0.000000 0.000000 1.000000
10.000000 0.000000 0.000000 0.000000 0.000000 10.000000 0.000000 0.000000 0.000000 0.000000 10.000000 0.000000 0.000000 0.000000 0.000000 1.000000
10.000000 0.000000 0.000000 0.000000 0.000000 10.000000 0.000000 0.000000 0.000000 0.000000 10.000000 0.000000 0.000000 0.000000 0.000000 1.000000
10.000000 0.000000 0.000000 0.000000 0.000000 10.000000 0.000000 0.000000 0.000000 0.000000 10.000000 0.000000 0.000000 0.000000 0.000000 1.000000
10.000000 0.000000 0.000000 0.000000 0.000000 10.000000 0.000000 0.000000 0.000000 0.000000 10.000000 0.000000 0.000000 0.000000 0.000000 1.000000
10.000000 0.000000 0.000000 0.000000 0.000000 10.000000 0.000000 0.000000 0.000000 0.000000 10.000000 0.000000 0.000000 0.000000 0.000000 1.000000
10.000000 0.000000 0.000000 0.000000 0.000000 10.000000 0.000000 0.000000 0.000000 0.000000 10.000000 0.000000 0.000000 0.000000 0.000000 1.000000
10.000000 0.000000 0.000000 0.000000 0.000000 10.000000 0.000000 0.000000 0.000000 0.000000 10.000000 0.000000 0.000000 0.000000 0.000000 1.000000
10.000000 0.000000 0.000000 0.000000 0.000000 10.000000 0.000000 0.000000 0.000000 0.000000 10.000000 0.000000 0.000000 0.000000 0.000000 1.000000
10.000000 0.000000 0.000000 0.000000 0.000000 10.000000 0.000000 0.000000 0.000000 0.000000 10.000000 0.000000 0.000000 0.000000 0.000000 1.000000
10.000000 0.000000 0.000000 0.000000 0.000000 10.000000 0.000000 0.000000 0.000000 0.000000 10.000000 0.000000 0.000000 0.000000 0.000000 1.000000
10.000000 0.000000 0.000000 0.000000 0.000000 10.000000 0.000000 0.000000 0.000000 0.000000 10.000000 0.000000 0.000000 0.000000 0.000000 1.000000
10.000000 0.000000 0.000000 0.000000 0.000000 10.000000 0.000000 0.000000 0.000000 0.000000 10.000000 0.000000 0.000000 0.000000 0.000000 1.000000
10.000000 0.000000 0.000000 0.000000 0.000000 10.000000 0.000000 0.000000 0.000000 0.000000 10.000000 0.000000 0.000000 0.000000 0.000000 1.000000
10.000000 0.000000 0.000000 0.000000 0.000000 10.000000 0.000000 0.000000 0.000000 0.000000 10.000000 0.000000 0.000000 0.000000 0.000000 1.000000
10.000000 0.000000 0.000000 0.000000 0.000000 10.000000 0.000000 0.000000 0.000000 0.000000 10.000000 0.000000 0.000000 0.000000 0.000000 1.000000
10.000000 0.000000 0.000000 0.000000 0.000000 10.000000 0.000000 0.000000 0.000000 0.000000 10.000000 0.000000 0.000000 0.000000 0.000000 1.000000</float_array>
          <technique_common>
            <accessor source="#CMUFBXASC032compliantFBXASC032skeleton-Matrix-animation-output-transform-array" count="25" stride="16">
              <param type="float4x4"/>
            </accessor>
          </technique_common>
        </source>
        <source id="CMUFBXASC032compliantFBXASC032skeleton-Interpolations">
          <Name_array id="CMUFBXASC032compliantFBXASC032skeleton-Interpolations-array" count="25">
 LINEAR LINEAR LINEAR LINEAR LINEAR LINEAR LINEAR LINEAR LINEAR LINEAR LINEAR
LINEAR LINEAR LINEAR LINEAR LINEAR LINEAR LINEAR LINEAR LINEAR LINEAR LINEAR LINEAR
LINEAR LINEAR</Name_array>
          <technique_common>
            <accessor source="#CMUFBXASC032compliantFBXASC032skeleton-Interpolations-array" count="25">
              <param type="name"/>
            </accessor>
          </technique_common>
        </source>
        <sampler id="CMUFBXASC032compliantFBXASC032skeleton-Matrix-animation-transform">
          <input semantic="INPUT" source="#CMUFBXASC032compliantFBXASC032skeleton-Matrix-animation-input"/>
          <input semantic="OUTPUT" source="#CMUFBXASC032compliantFBXASC032skeleton-Matrix-animation-output-transform"/>
          <input semantic="INTERPOLATION" source="#CMUFBXASC032compliantFBXASC032skeleton-Interpolations"/>
        </sampler>
        <channel source="#CMUFBXASC032compliantFBXASC032skeleton-Matrix-animation-transform" target="CMUFBXASC032compliantFBXASC032skeleton/matrix"/>
      </animation>
    </animation>
    <animation id="Hips-anim" name="Hips">
      <animation>
        <source id="Hips-Matrix-animation-input">
          <float_array id="Hips-Matrix-animation-input-array" count="25">

0.000000 0.016667 0.033333 0.050000 0.066667 0.083333 0.100000 0.116667 0.133333 0.150000 0.166667 0.183333 0.200000 0.216667 0.233333 0.250000
0.266667 0.283333 0.300000 0.316667 0.333333 0.350000 0.366667 0.383333 0.400000</float_array>
          <technique_common>
            <accessor source="#Hips-Matrix-animation-input-array" count="25">
              <param name="TIME" type="float"/>
            </accessor>
          </technique_common>
        </source>
        <source id="Hips-Matrix-animation-output-transform">
          <float_array id="Hips-Matrix-animation-output-transform-array" count="400">

0.997947 0.022688 0.059897 -0.042519 -0.040662 0.946958 0.318775 90.879456 -0.049488 -0.320556 0.945936 0.192670 0.000000 0.000000 0.000000 1.000000
0.998947 0.033794 0.031039 -0.206311 -0.041947 0.946757 0.319206 91.606689 -0.018599 -0.320172 0.947177 8.116944 0.000000 0.000000 0.000000 1.000000
0.999201 0.038110 0.012028 -0.231610 -0.039954 0.946191 0.321134 91.022659 0.000858 -0.321358 0.946958 15.915867 0.000000 0.000000 0.000000 1.000000
0.999137 0.041219 -0.005139 -0.228497 -0.037347 0.945588 0.323217 90.183266 0.018181 -0.322746 0.946311 23.689577 0.000000 0.000000 0.000000 1.000000
0.998755 0.044534 -0.022484 -0.186267 -0.034837 0.945192 0.324652 89.191925 0.035710 -0.323464 0.945566 31.435944 0.000000 0.000000 0.000000 1.000000
0.997935 0.049066 -0.041458 0.055119 -0.033088 0.945837 0.322951 87.475288 0.055058 -0.320913 0.945507 39.044876 0.000000 0.000000 0.000000 1.000000
0.997198 0.050238 -0.055429 0.572831 -0.029737 0.946097 0.322515 85.690781 0.068643 -0.319963 0.944940 47.508446 0.000000 0.000000 0.000000 1.000000
0.996635 0.048855 -0.065823 1.166920 -0.025235 0.946849 0.320687 84.228355 0.077992 -0.317947 0.944895 56.136562 0.000000 0.000000 0.000000 1.000000
0.997270 0.038089 -0.063254 1.866572 -0.016567 0.950264 0.311006 84.444153 0.071954 -0.309109 0.948301 64.732834 0.000000 0.000000 0.000000 1.000000
0.998169 0.030473 -0.052249 2.472645 -0.012844 0.950903 0.309222 85.345459 0.059106 -0.307985 0.949553 72.668350 0.000000 0.000000 0.000000 1.000000
0.998776 0.027267 -0.041257 3.062332 -0.012810 0.948434 0.316716 87.642776 0.047765 -0.315800 0.947623 80.240349 0.000000 0.000000 0.000000 1.000000
0.999372 0.025248 -0.024861 3.364068 -0.015897 0.946524 0.322241 89.981575 0.031667 -0.321644 0.946331 87.709892 0.000000 0.000000 0.000000 1.000000
0.999834 0.015606 0.009399 3.581746 -0.017792 0.947408 0.319533 91.669388 -0.003918 -0.319647 0.947529 95.383202 0.000000 0.000000 0.000000 1.000000
0.998821 -0.005503 0.048242 3.733710 -0.009812 0.950185 0.311532 92.260628 -0.047553 -0.311638 0.949010 102.894562 0.000000 0.000000 0.000000 1.000000
0.996978 -0.029655 0.071800 3.852724 0.006285 0.952033 0.305930 91.710304 -0.077429 -0.304554 0.949343 110.602859 0.000000 0.000000 0.000000 1.000000
0.995538 -0.042186 0.084406 3.921168 0.014462 0.952142 0.305313 90.139473 -0.093246 -0.302730 0.948504 118.364288 0.000000 0.000000 0.000000 1.000000
0.993988 -0.052096 0.096296 3.947275 0.020317 0.952030 0.305330 88.286369 -0.107583 -0.301538 0.947365 126.101715 0.000000 0.000000 0.000000 1.000000
0.991444 -0.060307 0.115763 3.812264 0.022514 0.952587 0.303433 86.042389 -0.128573 -0.298231 0.945794 133.665924 0.000000 0.000000 0.000000 1.000000
0.988802 -0.065297 0.134189 3.320496 0.022516 0.954176 0.298397 84.112206 -0.147525 -0.292034 0.944962 141.860718 0.000000 0.000000 0.000000 1.000000
0.989339 -0.043452 0.138998 2.547644 0.001492 0.957425 0.288677 83.780724 -0.145624 -0.285392 0.947283 149.855698 0.000000 0.000000 0.000000 1.000000
0.990126 -0.017633 0.139064 1.708014 -0.022302 0.959604 0.280470 84.071716 -0.138392 -0.280802 0.949736 157.823090 0.000000 0.000000 0.000000 1.000000
0.991357 0.001175 0.131188 0.815583 -0.038767 0.957928 0.284379 85.876389 -0.125335 -0.287007 0.949694 165.852341 0.000000 0.000000 0.000000 1.000000
0.992570 0.008542 0.121378 0.357993 -0.044814 0.953077 0.299393 88.001427 -0.113125 -0.302608 0.946378 173.907196 0.000000 0.000000 0.000000 1.000000
0.995117 0.013678 0.097747 0.117946 -0.043780 0.948763 0.312941 89.630074 -0.088458 -0.315692 0.944729 181.992950 0.000000 0.000000 0.000000 1.000000
0.997947 0.022689 0.059897 -0.042518 -0.040662 0.946958 0.318775 90.879471 -0.049488 -0.320556 0.945936 190.114700 0.000000 0.000000 0.000000 1.000000</float_array>
          <technique_common>
            <accessor source="#Hips-Matrix-animation-output-transform-array" count="25" stride="16">
              <param type="float4x4"/>
            </accessor>
          </technique_common>
        </source>
        <source id="Hips-Interpolations">
          <Name_array id="Hips-Interpolations-array" count="25">
 LINEAR LINEAR LINEAR LINEAR LINEAR LINEAR LINEAR LINEAR LINEAR LINEAR LINEAR
LINEAR LINEAR LINEAR LINEAR LINEAR LINEAR LINEAR LINEAR LINEAR LINEAR LINEAR LINEAR
LINEAR LINEAR</Name_array>
          <technique_common>
            <accessor source="#Hips-Interpolations-array" count="25">
              <param type="name"/>
            </accessor>
          </technique_common>
        </source>
        <sampler id="Hips-Matrix-animation-transform">
          <input semantic="INPUT" source="#Hips-Matrix-animation-input"/>
          <input semantic="OUTPUT" source="#Hips-Matrix-animation-output-transform"/>
          <input semantic="INTERPOLATION" source="#Hips-Interpolations"/>
        </sampler>
        <channel source="#Hips-Matrix-animation-transform" target="Hips/matrix"/>
      </animation>
    </animation>
    <animation id="LHipJoint-anim" name="LHipJoint">
      <animation>
        <source id="LHipJoint-Matrix-animation-input">
          <float_array id="LHipJoint-Matrix-animation-input-array" count="25">

0.000000 0.016667 0.033333 0.050000 0.066667 0.083333 0.100000 0.116667 0.133333 0.150000 0.166667 0.183333 0.200000 0.216667 0.233333 0.250000
0.266667 0.283333 0.300000 0.316667 0.333333 0.350000 0.366667 0.383333 0.400000</float_array>
          <technique_common>
            <accessor source="#LHipJoint-Matrix-animation-input-array" count="25">
              <param name="TIME" type="float"/>
            </accessor>
          </technique_common>
        </source>
        <source id="LHipJoint-Matrix-animation-output-transform">
          <float_array id="LHipJoint-Matrix-animation-output-transform-array" count="400">

-0.090604 0.995791 0.013810 0.000000 0.031722 0.016745 -0.999356 0.000000 -0.995382 -0.090108 -0.033106 0.000000 0.000000 0.000000 0.000000 1.000000
-0.090604 0.995791 0.013810 0.000000 0.031722 0.016745 -0.999356 0.000000 -0.995382 -0.090108 -0.033106 0.000000 0.000000 0.000000 0.000000 1.000000
-0.090604 0.995791 0.013810 0.000000 0.031722 0.016745 -0.999356 0.000000 -0.995382 -0.090108 -0.033106 0.000000 0.000000 0.000000 0.000000 1.000000
-0.090604 0.995791 0.013810 0.000000 0.031722 0.016745 -0.999356 0.000000 -0.995382 -0.090108 -0.033106 0.000000 0.000000 0.000000 0.000000 1.000000
-0.090604 0.995791 0.013810 0.000000 0.031722 0.016745 -0.999356 0.000000 -0.995382 -0.090108 -0.033106 -0.000000 0.000000 0.000000 0.000000 1.000000
-0.090604 0.995791 0.013810 0.000000 0.031722 0.016745 -0.999356 0.000000 -0.995382 -0.090108 -0.033106 0.000000 0.000000 0.000000 0.000000 1.000000
-0.090604 0.995791 0.013810 0.000000 0.031722 0.016745 -0.999356 0.000000 -0.995382 -0.090108 -0.033106 0.000000 0.000000 0.000000 0.000000 1.000000
-0.090604 0.995791 0.013810 0.000000 0.031722 0.016745 -0.999356 0.000000 -0.995382 -0.090108 -0.033106 0.000000 0.000000 0.000000 0.000000 1.000000
-0.090604 0.995791 0.013810 0.000000 0.031722 0.016745 -0.999356 0.000000 -0.995382 -0.090108 -0.033106 0.000000 0.000000 0.000000 0.000000 1.000000
-0.090604 0.995791 0.013810 0.000000 0.031722 0.016745 -0.999356 0.000000 -0.995382 -0.090108 -0.033106 0.000000 0.000000 0.000000 0.000000 1.000000
-0.090604 0.995791 0.013810 0.000000 0.031722 0.016745 -0.999356 0.000000 -0.995382 -0.090108 -0.033106 0.000000 0.000000 0.000000 0.000000 1.000000
-0.090604 0.995791 0.013810 0.000000 0.031722 0.016745 -0.999356 0.000000 -0.995382 -0.090108 -0.033106 0.000000 0.000000 0.000000 0.000000 1.000000
-0.090604 0.995791 0.013810 0.000000 0.031722 0.016745 -0.999356 0.000000 -0.995382 -0.090108 -0.033106 0.000000 0.000000 0.000000 0.000000 1.000000
-0.090604 0.995791 0.013810 0.000000 0.031722 0.016745 -0.999356 0.000000 -0.995382 -0.090108 -0.033106 0.000000 0.000000 0.000000 0.000000 1.000000
-0.090604 0.995791 0.013810 0.000000 0.031722 0.016745 -0.999356 0.000000 -0.995382 -0.090108 -0.033106 0.000000 0.000000 0.000000 0.000000 1.000000
-0.090604 0.995791 0.013810 0.000000 0.031722 0.016745 -0.999356 0.000000 -0.995382 -0.090108 -0.033106 0.000000 0.000000 0.000000 0.000000 1.000000
-0.090604 0.995791 0.013810 0.000000 0.031722 0.016745 -0.999356 0.000000 -0.995382 -0.090108 -0.033106 0.000000 0.000000 0.000000 0.000000 1.000000
-0.090604 0.995791 0.013810 -0.000000 0.031722 0.016745 -0.999356 0.000000 -0.995382 -0.090108 -0.033106 0.000000 0.000000 0.000000 0.000000 1.000000
-0.090604 0.995791 0.013810 -0.000000 0.031722 0.016745 -0.999356 0.000000 -0.995382 -0.090108 -0.033106 0.000000 0.000000 0.000000 0.000000 1.000000
-0.090604 0.995791 0.013810 0.000000 0.031722 0.016745 -0.999356 0.000000 -0.995382 -0.090108 -0.033106 0.000000 0.000000 0.000000 0.000000 1.000000
-0.090604 0.995791 0.013810 0.000000 0.031722 0.016745 -0.999356 0.000000 -0.995382 -0.090108 -0.033106 0.000000 0.000000 0.000000 0.000000 1.000000
-0.090604 0.995791 0.013810 0.000000 0.031722 0.016745 -0.999356 0.000000 -0.995382 -0.090108 -0.033106 0.000000 0.000000 0.000000 0.000000 1.000000
-0.090604 0.995791 0.013810 0.000000 0.031722 0.016745 -0.999356 0.000000 -0.995382 -0.090108 -0.033106 0.000000 0.000000 0.000000 0.000000 1.000000
-0.090604 0.995791 0.013810 0.000000 0.031722 0.016745 -0.999356 0.000000 -0.995382 -0.090108 -0.033106 0.000000 0.000000 0.000000 0.000000 1.000000
-0.090604 0.995791 0.013810 0.000000 0.031722 0.016745 -0.999356 0.000000 -0.995382 -0.090108 -0.033106 0.000000 0.000000 0.000000 0.000000 1.000000</float_array>
          <technique_common>
            <accessor source="#LHipJoint-Matrix-animation-output-transform-array" count="25" stride="16">
              <param type="float4x4"/>
            </accessor>
          </technique_common>
        </source>
        <source id="LHipJoint-Interpolations">
          <Name_array id="LHipJoint-Interpolations-array" count="25">
 LINEAR LINEAR LINEAR LINEAR LINEAR LINEAR LINEAR LINEAR LINEAR LINEAR LINEAR
LINEAR LINEAR LINEAR LINEAR LINEAR LINEAR LINEAR LINEAR LINEAR LINEAR LINEAR LINEAR
LINEAR LINEAR</Name_array>
          <technique_common>
            <accessor source="#LHipJoint-Interpolations-array" count="25">
              <param type="name"/>
            </accessor>
          </technique_common>
        </source>
        <sampler id="LHipJoint-Matrix-animation-transform">
          <input semantic="INPUT" source="#LHipJoint-Matrix-animation-input"/>
          <input semantic="OUTPUT" source="#LHipJoint-Matrix-animation-output-transform"/>
          <input semantic="INTERPOLATION" source="#LHipJoint-Interpolations"/>
        </sampler>
        <channel source="#LHipJoint-Matrix-animation-transform" target="LHipJoint/matrix"/>
      </animation>
    </animation>
    <animation id="LeftUpLeg-anim" name="LeftUpLeg">
      <animation>
        <source id="LeftUpLeg-Matrix-animation-input">
          <float_array id="LeftUpLeg-Matrix-animation-input-array" count="25">

0.000000 0.016667 0.033333 0.050000 0.066667 0.083333 0.100000 0.116667 0.133333 0.150000 0.166667 0.183333 0.200000 0.216667 0.233333 0.250000
0.266667 0.283333 0.300000 0.316667 0.333333 0.350000 0.366667 0.383333 0.400000</float_array>
          <technique_common>
            <accessor source="#LeftUpLeg-Matrix-animation-input-array" count="25">
              <param name="TIME" type="float"/>
            </accessor>
          </technique_common>
        </source>
        <source id="LeftUpLeg-Matrix-animation-output-transform">
          <float_array id="LeftUpLeg-Matrix-animation-output-transform-array" count="400">

-0.025724 -0.141013 0.989673 0.000001 0.995270 0.089165 0.038574 10.619966 -0.093684 0.985984 0.138053 0.000005 0.000000 0.000000 0.000000 1.000000
-0.027381 -0.233466 0.971979 0.000001 0.996554 0.069790 0.044837 10.619966 -0.078303 0.969857 0.230750 0.000005 0.000000 0.000000 0.000000 1.000000
-0.036072 -0.289102 0.956619 0.000001 0.997209 0.052205 0.053379 10.619966 -0.065372 0.955874 0.286412 0.000005 0.000000 0.000000 0.000000 1.000000
-0.046049 -0.337228 0.940296 0.000001 0.997533 0.034405 0.061191 10.619966 -0.052987 0.940794 0.334811 0.000005 0.000000 0.000000 0.000000 1.000000
-0.055412 -0.386702 0.920538 0.000001 0.997576 0.017420 0.067367 10.619966 -0.042087 0.922040 0.384800 0.000005 0.000000 0.000000 0.000000 1.000000
-0.061062 -0.449994 0.890941 0.000001 0.997373 0.007340 0.072064 10.619966 -0.038968 0.893001 0.448364 0.000005 0.000000 0.000000 0.000000 1.000000
-0.043460 -0.450048 0.891946 0.000001 0.998566 0.008377 0.052881 10.619966 -0.031271 0.892965 0.449038 0.000005 0.000000 0.000000 0.000000 1.000000
-0.026508 -0.433842 0.900599 0.000001 0.999398 0.008668 0.033592 10.619966 -0.022380 0.900947 0.433351 0.000005 0.000000 0.000000 0.000000 1.000000
-0.036218 -0.397771 0.916770 0.000001 0.999271 -0.003308 0.038042 10.619966 -0.012100 0.917479 0.397601 0.000005 0.000000 0.000000 0.000000 1.000000
-0.042710 -0.350915 0.935433 0.000001 0.999087 -0.015734 0.039714 10.619966 0.000782 0.936275 0.351266 0.000005 0.000000 0.000000 0.000000 1.000000
-0.042010 -0.231134 0.972015 0.000001 0.999016 -0.023591 0.037567 10.619966 0.014247 0.972636 0.231897 0.000005 0.000000 0.000000 0.000000 1.000000
-0.009920 -0.088244 0.996050 0.000001 0.999854 -0.014767 0.008650 10.619966 0.013945 0.995989 0.088377 0.000005 0.000000 0.000000 0.000000 1.000000
0.016305 0.047098 0.998757 0.000001 0.999830 -0.009383 -0.015880 10.619966 0.008624 0.998846 -0.047243 0.000005 0.000000 0.000000 0.000000 1.000000
0.033339 0.164099 0.985880 0.000001 0.999441 -0.003066 -0.033287 10.619966 -0.002439 0.986439 -0.164110 0.000005 0.000000 0.000000 0.000000 1.000000
0.051145 0.280039 0.958625 0.000001 0.998542 0.002273 -0.053938 10.619966 -0.017284 0.959986 -0.279514 0.000005 0.000000 0.000000 0.000000 1.000000
0.056398 0.350085 0.935019 0.000001 0.997264 0.025066 -0.069538 10.619966 -0.047782 0.936382 -0.347714 0.000005 0.000000 0.000000 0.000000 1.000000
0.054284 0.405691 0.912397 0.000001 0.995509 0.048981 -0.081008 10.619966 -0.077554 0.912697 -0.401210 0.000005 0.000000 0.000000 0.000000 1.000000
0.028179 0.437873 0.898595 0.000001 0.995698 0.067083 -0.063912 10.619966 -0.088266 0.896531 -0.434099 0.000005 0.000000 0.000000 0.000000 1.000000
0.026738 0.508015 0.860933 0.000001 0.992662 0.088111 -0.082822 10.619966 -0.117933 0.856830 -0.501931 0.000005 0.000000 0.000000 0.000000 1.000000
0.002695 0.466423 0.884558 0.000001 0.990540 0.120114 -0.066354 10.619966 -0.137196 0.876369 -0.461687 0.000005 0.000000 0.000000 0.000000 1.000000
-0.023064 0.391793 0.919764 0.000001 0.988007 0.149432 -0.038879 10.619966 -0.152675 0.907837 -0.390541 0.000005 0.000000 0.000000 0.000000 1.000000
-0.035344 0.274345 0.960982 0.000001 0.986526 0.163278 -0.010330 10.619966 -0.159741 0.947668 -0.276419 0.000005 0.000000 0.000000 0.000000 1.000000
-0.042257 0.141620 0.989019 0.000001 0.988395 0.150493 0.020681 10.619966 -0.145911 0.978415 -0.146336 0.000005 0.000000 0.000000 0.000000 1.000000
-0.045635 0.004627 0.998947 0.000001 0.992359 0.114967 0.044801 10.619966 -0.114639 0.993359 -0.009838 0.000005 0.000000 0.000000 0.000000 1.000000
-0.025724 -0.141012 0.989674 0.000001 0.995270 0.089165 0.038574 10.619966 -0.093684 0.985984 0.138051 0.000005 0.000000 0.000000 0.000000 1.000000</float_array>
          <technique_common>
            <accessor source="#LeftUpLeg-Matrix-animation-output-transform-array" count="25" stride="16">
              <param type="float4x4"/>
            </accessor>
          </technique_common>
        </source>
        <source id="LeftUpLeg-Interpolations">
          <Name_array id="LeftUpLeg-Interpolations-array" count="25">
 LINEAR LINEAR LINEAR LINEAR LINEAR LINEAR LINEAR LINEAR LINEAR LINEAR LINEAR
LINEAR LINEAR LINEAR LINEAR LINEAR LINEAR LINEAR LINEAR LINEAR LINEAR LINEAR LINEAR
LINEAR LINEAR</Name_array>
          <technique_common>
            <accessor source="#LeftUpLeg-Interpolations-array" count="25">
              <param type="name"/>
            </accessor>
          </technique_common>
        </source>
        <sampler id="LeftUpLeg-Matrix-animation-transform">
          <input semantic="INPUT" source="#LeftUpLeg-Matrix-animation-input"/>
          <input semantic="OUTPUT" source="#LeftUpLeg-Matrix-animation-output-transform"/>
          <input semantic="INTERPOLATION" source="#LeftUpLeg-Interpolations"/>
        </sampler>
        <channel source="#LeftUpLeg-Matrix-animation-transform" target="LeftUpLeg/matrix"/>
      </animation>
    </animation>
    <animation id="LeftLeg-anim" name="LeftLeg">
      <animation>
        <source id="LeftLeg-Matrix-animation-input">
          <float_array id="LeftLeg-Matrix-animation-input-array" count="25">

0.000000 0.016667 0.033333 0.050000 0.066667 0.083333 0.100000 0.116667 0.133333 0.150000 0.166667 0.183333 0.200000 0.216667 0.233333 0.250000
0.266667 0.283333 0.300000 0.316667 0.333333 0.350000 0.366667 0.383333 0.400000</float_array>
          <technique_common>
            <accessor source="#LeftLeg-Matrix-animation-input-array" count="25">
              <param name="TIME" type="float"/>
            </accessor>
          </technique_common>
        </source>
        <source id="LeftLeg-Matrix-animation-output-transform">
          <float_array id="LeftLeg-Matrix-animation-output-transform-array" count="400">

0.999863 -0.014359 0.008227 0.000000 0.012187 0.302589 -0.953043 44.959080 0.011196 0.953013 0.302723 -0.000000 0.000000 0.000000 0.000000 1.000000
0.998420 -0.028043 -0.048697 0.000000 -0.030047 0.465884 -0.884336 44.959080 0.047486 0.884401 0.464305 -0.000000 0.000000 0.000000 0.000000 1.000000
0.997214 -0.020165 -0.071812 0.000000 -0.041921 0.644804 -0.763197 44.959080 0.061695 0.764082 0.642163 -0.000000 0.000000 0.000000 0.000000 1.000000
0.996293 -0.004882 -0.085885 0.000000 -0.048048 0.796557 -0.602651 44.959080 0.071355 0.604543 0.793370 -0.000000 0.000000 0.000000 0.000000 1.000000
0.995802 0.014343 -0.090405 0.000000 -0.053198 0.894413 -0.444067 44.959080 0.074490 0.447012 0.891421 -0.000000 0.000000 0.000000 0.000000 1.000000
0.997497 0.029506 -0.064264 0.000000 -0.055087 0.894057 -0.444554 44.959080 0.044338 0.446981 0.893444 -0.000000 0.000000 0.000000 0.000000 1.000000
0.999811 0.019427 -0.000312 0.000000 -0.016891 0.861125 -0.508112 44.959080 -0.009602 0.508021 0.861291 -0.000000 0.000000 0.000000 0.000000 1.000000
0.998297 0.013388 0.056786 0.000000 0.021860 0.816579 -0.576819 44.959080 -0.054092 0.577078 0.814896 -0.000000 0.000000 0.000000 0.000000 1.000000
0.999349 0.000148 0.036087 0.000000 0.023144 0.764626 -0.644058 44.959080 -0.027688 0.644474 0.764125 -0.000000 0.000000 0.000000 0.000000 1.000000
0.999109 -0.005366 0.041863 0.000000 0.033525 0.703457 -0.709947 44.959080 -0.025640 0.710718 0.703010 -0.000000 0.000000 0.000000 0.000000 1.000000
0.998773 0.003298 0.049415 0.000000 0.031156 0.733759 -0.678695 44.959080 -0.038497 0.679401 0.732756 -0.000000 0.000000 0.000000 0.000000 1.000000
0.995460 0.015435 0.093924 0.000000 0.044557 0.796408 -0.603116 44.959080 -0.084111 0.604562 0.792105 -0.000000 0.000000 0.000000 0.000000 1.000000
0.988292 0.029213 0.149750 0.000000 0.053492 0.852853 -0.519403 44.959080 -0.142888 0.521333 0.841306 -0.000000 0.000000 0.000000 0.000000 1.000000
0.977381 0.027852 0.209644 0.000000 0.069019 0.895009 -0.440675 44.959080 -0.199907 0.445177 0.872843 -0.000000 0.000000 0.000000 0.000000 1.000000
0.962292 0.025350 0.270834 0.000000 0.079148 0.926476 -0.367936 44.959080 -0.260248 0.375498 0.889535 -0.000000 0.000000 0.000000 0.000000 1.000000
0.950025 0.011812 0.311951 0.000000 0.116757 0.913316 -0.390157 44.959080 -0.289519 0.407081 0.866293 -0.000000 0.000000 0.000000 0.000000 1.000000
0.939285 0.005583 0.343093 0.000000 0.154362 0.886109 -0.437017 44.959080 -0.306458 0.463444 0.831446 -0.000000 0.000000 0.000000 0.000000 1.000000
0.941242 0.021936 0.337020 0.000000 0.168090 0.835090 -0.523803 44.959080 -0.292933 0.549675 0.782335 -0.000000 0.000000 0.000000 0.000000 1.000000
0.936150 0.056423 0.347044 0.000000 0.144976 0.837282 -0.527201 44.959080 -0.320320 0.543852 0.775642 -0.000000 0.000000 0.000000 0.000000 1.000000
0.962513 0.080193 0.259109 0.000000 0.124486 0.718128 -0.684686 44.959080 -0.240980 0.691275 0.681225 -0.000000 0.000000 0.000000 0.000000 1.000000
0.985187 0.067659 0.157574 0.000000 0.096161 0.542850 -0.834306 44.959080 -0.141987 0.837100 0.528302 -0.000000 0.000000 0.000000 0.000000 1.000000
0.997419 0.045034 0.055914 0.000000 0.036355 0.354766 -0.934248 44.959080 -0.061909 0.933870 0.352214 -0.000000 0.000000 0.000000 0.000000 1.000000
0.997882 0.029296 0.058074 0.000000 0.049293 0.241942 -0.969038 44.959080 -0.042439 0.969848 0.239985 -0.000000 0.000000 0.000000 0.000000 1.000000
0.999002 0.008424 0.043869 0.000000 0.040619 0.237374 -0.970569 44.959080 -0.018589 0.971382 0.236795 -0.000000 0.000000 0.000000 0.000000 1.000000
0.999863 -0.014359 0.008227 0.000000 0.012187 0.302593 -0.953042 44.959080 0.011196 0.953012 0.302727 -0.000000 0.000000 0.000000 0.000000 1.000000</float_array>
          <technique_common>
            <accessor source="#LeftLeg-Matrix-animation-output-transform-array" count="25" stride="16">
              <param type="float4x4"/>
            </accessor>
          </technique_common>
        </source>
        <source id="LeftLeg-Interpolations">
          <Name_array id="LeftLeg-Interpolations-array" count="25">
 LINEAR LINEAR LINEAR LINEAR LINEAR LINEAR LINEAR LINEAR LINEAR LINEAR LINEAR
LINEAR LINEAR LINEAR LINEAR LINEAR LINEAR LINEAR LINEAR LINEAR LINEAR LINEAR LINEAR
LINEAR LINEAR</Name_array>
          <technique_common>
            <accessor source="#LeftLeg-Interpolations-array" count="25">
              <param type="name"/>
            </accessor>
          </technique_common>
        </source>
        <sampler id="LeftLeg-Matrix-animation-transform">
          <input semantic="INPUT" source="#LeftLeg-Matrix-animation-input"/>
          <input semantic="OUTPUT" source="#LeftLeg-Matrix-animation-output-transform"/>
          <input semantic="INTERPOLATION" source="#LeftLeg-Interpolations"/>
        </sampler>
        <channel source="#LeftLeg-Matrix-animation-transform" target="LeftLeg/matrix"/>
      </animation>
    </animation>
    <animation id="LeftFoot-anim" name="LeftFoot">
      <animation>
        <source id="LeftFoot-Matrix-animation-input">
          <float_array id="LeftFoot-Matrix-animation-input-array" count="25">

0.000000 0.016667 0.033333 0.050000 0.066667 0.083333 0.100000 0.116667 0.133333 0.150000 0.166667 0.183333 0.200000 0.216667 0.233333 0.250000
0.266667 0.283333 0.300000 0.316667 0.333333 0.350000 0.366667 0.383333 0.400000</float_array>
          <technique_common>
            <accessor source="#LeftFoot-Matrix-animation-input-array" count="25">
              <param name="TIME" type="float"/>
            </accessor>
          </technique_common>
        </source>
        <source id="LeftFoot-Matrix-animation-output-transform">
          <float_array id="LeftFoot-Matrix-animation-output-transform-array" count="400">

0.991038 0.109216 0.076917 0.000000 -0.092401 0.144646 0.985160 42.512955 0.096470 -0.983438 0.153441 0.000000 0.000000 0.000000 0.000000 1.000000
0.990081 0.112110 0.084687 0.000000 -0.097596 0.115166 0.988540 42.512955 0.101072 -0.987000 0.124965 0.000000 0.000000 0.000000 0.000000 1.000000
0.988882 0.114007 0.095471 0.000000 -0.111288 0.141574 0.983652 42.512955 0.098627 -0.983341 0.152687 0.000000 0.000000 0.000000 0.000000 1.000000
0.987468 0.116599 0.106359 0.000000 -0.126084 0.177506 0.976009 42.512955 0.094922 -0.977188 0.189983 0.000000 0.000000 0.000000 0.000000 1.000000
0.986780 0.118082 0.111004 0.000000 -0.133272 0.201507 0.970378 42.512955 0.092216 -0.972343 0.214580 0.000000 0.000000 0.000000 0.000000 1.000000
0.990463 0.110406 0.082418 0.000000 -0.099532 0.159759 0.982125 42.512955 0.095265 -0.980963 0.169225 0.000000 0.000000 0.000000 0.000000 1.000000
0.989909 0.111294 0.087712 0.000000 -0.105785 0.168555 0.979999 42.512955 0.094284 -0.979389 0.178627 0.000000 0.000000 0.000000 0.000000 1.000000
0.988516 0.113504 0.099765 0.000000 -0.121150 0.200626 0.972148 42.512955 0.090327 -0.973070 0.212073 0.000000 0.000000 0.000000 0.000000 1.000000
0.986971 0.115305 0.112217 0.000000 -0.142076 0.297228 0.944177 42.512955 0.075514 -0.947819 0.309737 0.000000 0.000000 0.000000 0.000000 1.000000
0.984108 0.122221 0.128816 0.000000 -0.147512 0.158847 0.976221 42.512955 0.098853 -0.979709 0.174352 0.000000 0.000000 0.000000 0.000000 1.000000
0.982517 0.125127 0.137853 0.000000 -0.149163 0.086001 0.985066 42.512955 0.111403 -0.988406 0.103162 0.000000 0.000000 0.000000 0.000000 1.000000
0.980095 0.127807 0.151916 0.000000 -0.158611 0.043888 0.986365 42.512955 0.119397 -0.990828 0.063286 0.000000 0.000000 0.000000 0.000000 1.000000
0.975490 0.131107 0.176718 0.000000 -0.179887 0.012644 0.983606 42.512955 0.126723 -0.991288 0.035919 0.000000 0.000000 0.000000 0.000000 1.000000
0.974807 0.132191 0.179656 0.000000 -0.180253 -0.007539 0.983591 42.512955 0.131376 -0.991196 0.016478 0.000000 0.000000 0.000000 0.000000 1.000000
0.970792 0.135712 0.197850 0.000000 -0.191507 -0.058431 0.979750 42.512955 0.144524 -0.989024 -0.030735 0.000000 0.000000 0.000000 0.000000 1.000000
0.965893 0.139953 0.217864 0.000000 -0.204461 -0.104079 0.973326 42.512955 0.158894 -0.984673 -0.071914 0.000000 0.000000 0.000000 0.000000 1.000000
0.961379 0.143060 0.235125 0.000000 -0.215971 -0.137433 0.966679 42.512955 0.170607 -0.980126 -0.101229 0.000000 0.000000 0.000000 0.000000 1.000000
0.961134 0.145531 0.234611 0.000000 -0.219131 -0.114789 0.968920 42.512955 0.167938 -0.982672 -0.078438 0.000000 0.000000 0.000000 0.000000 1.000000
0.965857 0.143908 0.215432 0.000000 -0.211913 -0.039532 0.976489 42.512955 0.149041 -0.988801 -0.007687 0.000000 0.000000 0.000000 0.000000 1.000000
0.972115 0.134649 0.191993 0.000000 -0.206093 0.099948 0.973415 42.512955 0.111880 -0.985840 0.124912 0.000000 0.000000 0.000000 0.000000 1.000000
0.974455 0.125745 0.186081 0.000000 -0.212623 0.249748 0.944678 42.512955 0.072315 -0.960112 0.270104 0.000000 0.000000 0.000000 0.000000 1.000000
0.959022 0.152277 0.238933 0.000000 -0.280536 0.392154 0.876079 42.512955 0.039708 -0.907208 0.418803 0.000000 0.000000 0.000000 0.000000 1.000000
0.944966 0.169154 0.280046 0.000000 -0.322587 0.338994 0.883754 42.512955 0.054557 -0.925457 0.374905 0.000000 0.000000 0.000000 0.000000 1.000000
0.965461 0.143480 0.217482 0.000000 -0.243961 0.204756 0.947923 42.512955 0.091477 -0.968240 0.232688 0.000000 0.000000 0.000000 0.000000 1.000000
0.991038 0.109216 0.076917 0.000000 -0.092401 0.144648 0.985159 42.512955 0.096469 -0.983437 0.153444 0.000000 0.000000 0.000000 0.000000 1.000000</float_array>
          <technique_common>
            <accessor source="#LeftFoot-Matrix-animation-output-transform-array" count="25" stride="16">
              <param type="float4x4"/>
            </accessor>
          </technique_common>
        </source>
        <source id="LeftFoot-Interpolations">
          <Name_array id="LeftFoot-Interpolations-array" count="25">
 LINEAR LINEAR LINEAR LINEAR LINEAR LINEAR LINEAR LINEAR LINEAR LINEAR LINEAR
LINEAR LINEAR LINEAR LINEAR LINEAR LINEAR LINEAR LINEAR LINEAR LINEAR LINEAR LINEAR
LINEAR LINEAR</Name_array>
          <technique_common>
            <accessor source="#LeftFoot-Interpolations-array" count="25">
              <param type="name"/>
            </accessor>
          </technique_common>
        </source>
        <sampler id="LeftFoot-Matrix-animation-transform">
          <input semantic="INPUT" source="#LeftFoot-Matrix-animation-input"/>
          <input semantic="OUTPUT" source="#LeftFoot-Matrix-animation-output-transform"/>
          <input semantic="INTERPOLATION" source="#LeftFoot-Interpolations"/>
        </sampler>
        <channel source="#LeftFoot-Matrix-animation-transform" target="LeftFoot/matrix"/>
      </animation>
    </animation>
    <animation id="LowerBack-anim" name="LowerBack">
      <animation>
        <source id="LowerBack-Matrix-animation-input">
          <float_array id="LowerBack-Matrix-animation-input-array" count="25">

0.000000 0.016667 0.033333 0.050000 0.066667 0.083333 0.100000 0.116667 0.133333 0.150000 0.166667 0.183333 0.200000 0.216667 0.233333 0.250000
0.266667 0.283333 0.300000 0.316667 0.333333 0.350000 0.366667 0.383333 0.400000</float_array>
          <technique_common>
            <accessor source="#LowerBack-Matrix-animation-input-array" count="25">
              <param name="TIME" type="float"/>
            </accessor>
          </technique_common>
        </source>
        <source id="LowerBack-Matrix-animation-output-transform">
          <float_array id="LowerBack-Matrix-animation-output-transform-array" count="400">

1.000000 0.000000 0.000000 0.000000 0.000000 0.930503 -0.366285 9.165291 -0.000000 0.366285 0.930503 -0.000001 0.000000 0.000000 0.000000 1.000000
1.000000 -0.000000 0.000000 0.000000 -0.000000 0.930503 -0.366285 9.165291 -0.000000 0.366285 0.930503 -0.000001 0.000000 0.000000 0.000000 1.000000
1.000000 -0.000000 0.000000 0.000000 0.000000 0.930503 -0.366285 9.165291 -0.000000 0.366285 0.930503 -0.000001 0.000000 0.000000 0.000000 1.000000
1.000000 0.000000 0.000000 0.000000 0.000000 0.930503 -0.366285 9.165291 0.000000 0.366285 0.930503 -0.000001 0.000000 0.000000 0.000000 1.000000
1.000000 0.000000 0.000000 0.000000 0.000000 0.930503 -0.366285 9.165291 0.000000 0.366285 0.930503 -0.000001 0.000000 0.000000 0.000000 1.000000
1.000000 -0.000000 -0.000000 0.000000 -0.000000 0.930503 -0.366285 9.165291 -0.000000 0.366285 0.930503 -0.000001 0.000000 0.000000 0.000000 1.000000
1.000000 0.000000 0.000000 0.000000 0.000000 0.930503 -0.366285 9.165291 0.000000 0.366285 0.930503 -0.000001 0.000000 0.000000 0.000000 1.000000
1.000000 0.000000 -0.000000 0.000000 -0.000000 0.930503 -0.366285 9.165291 0.000000 0.366285 0.930503 -0.000001 0.000000 0.000000 0.000000 1.000000
1.000000 0.000000 0.000000 0.000000 0.000000 0.930503 -0.366285 9.165291 0.000000 0.366285 0.930503 -0.000001 0.000000 0.000000 0.000000 1.000000
1.000000 -0.000000 -0.000000 0.000000 0.000000 0.930503 -0.366285 9.165291 0.000000 0.366285 0.930503 -0.000001 0.000000 0.000000 0.000000 1.000000
1.000000 0.000000 -0.000000 0.000000 -0.000000 0.930503 -0.366285 9.165291 -0.000000 0.366285 0.930503 -0.000001 0.000000 0.000000 0.000000 1.000000
1.000000 0.000000 -0.000000 0.000000 0.000000 0.930503 -0.366285 9.165291 0.000000 0.366285 0.930503 -0.000001 0.000000 0.000000 0.000000 1.000000
1.000000 -0.000000 0.000000 0.000000 -0.000000 0.930503 -0.366285 9.165291 0.000000 0.366285 0.930503 -0.000001 0.000000 0.000000 0.000000 1.000000
1.000000 0.000000 -0.000000 0.000000 -0.000000 0.930503 -0.366285 9.165291 0.000000 0.366285 0.930503 -0.000001 0.000000 0.000000 0.000000 1.000000
1.000000 0.000000 0.000000 0.000000 0.000000 0.930503 -0.366285 9.165291 0.000000 0.366285 0.930503 -0.000001 0.000000 0.000000 0.000000 1.000000
1.000000 -0.000000 0.000000 0.000000 0.000000 0.930503 -0.366285 9.165291 0.000000 0.366285 0.930503 -0.000001 0.000000 0.000000 0.000000 1.000000
1.000000 0.000000 -0.000000 0.000000 0.000000 0.930503 -0.366285 9.165291 0.000000 0.366285 0.930503 -0.000001 0.000000 0.000000 0.000000 1.000000
1.000000 0.000000 0.000000 0.000000 0.000000 0.930503 -0.366285 9.165291 0.000000 0.366285 0.930503 -0.000001 0.000000 0.000000 0.000000 1.000000
1.000000 0.000000 0.000000 0.000000 0.000000 0.930503 -0.366285 9.165291 0.000000 0.366285 0.930503 -0.000001 0.000000 0.000000 0.000000 1.000000
1.000000 -0.000000 0.000000 0.000000 0.000000 0.930503 -0.366285 9.165291 0.000000 0.366285 0.930503 -0.000001 0.000000 0.000000 0.000000 1.000000
1.000000 0.000000 0.000000 0.000000 -0.000000 0.930503 -0.366285 9.165291 0.000000 0.366285 0.930503 -0.000001 0.000000 0.000000 0.000000 1.000000
1.000000 -0.000000 -0.000000 0.000000 0.000000 0.930503 -0.366285 9.165291 0.000000 0.366285 0.930503 -0.000001 0.000000 0.000000 0.000000 1.000000
1.000000 -0.000000 -0.000000 0.000000 0.000000 0.930503 -0.366285 9.165291 -0.000000 0.366285 0.930503 -0.000001 0.000000 0.000000 0.000000 1.000000
1.000000 -0.000000 0.000000 0.000000 0.000000 0.930503 -0.366285 9.165291 0.000000 0.366285 0.930503 -0.000001 0.000000 0.000000 0.000000 1.000000
